24.92
24.92
16.14
7.35
5.40
1.01
-4.85
-6.81
-8.76
-2.90
-0.95
1.01
2.96
7.35
10.28
14.19
18.09
20.04
23.95
25.90
31.27
37.13
39.08
44.94
50.31
52.26
56.17
63.98
65.93
68.86
71.30
75.20
81.06
83.02
84.97
81.06
75.20
71.30
65.93
71.30
75.20
71.30
75.20
68.86
62.02
58.12
54.21
52.26
54.21
62.02
65.93
71.30
73.25
73.25
73.25
65.93
60.07
56.17
50.31
44.94
44.94
39.08
31.27
29.32
22.00
18.09
14.19
10.28
10.28
12.23
18.09
20.04
10.28
2.96
10.28
16.14
20.04
20.04
7.35
1.01
-2.90
10.28
18.09
25.90
35.18
42.99
50.31
56.17
65.93
75.20
68.86
58.12
44.94
48.36
60.07
65.93
73.25
77.16
77.16
65.93
60.07
65.93
65.93
56.17
58.12
62.02
52.26
42.99
52.26
48.36
37.13
23.95
14.19
16.14
22.00
12.23
12.23
20.04
16.14
16.14